 &plot nbnd=  40, nks=   211 /
            0.000000  0.000000  0.000000
  -17.828   -7.909   -4.533   -4.533   -4.533    2.550    2.550    2.550    6.329    6.925
    6.925   10.286   10.286   10.286   12.690   12.690   14.237   14.237   14.237   14.727
   14.727   14.727   16.025   16.025   16.025   17.318   19.046   20.529   20.529   20.529
   22.366   22.366   23.033   23.033   23.033   24.918   25.247   25.247   25.247   26.623
            0.016667  0.000000  0.000000
  -17.828   -7.909   -4.533   -4.533   -4.533    2.545    2.550    2.550    6.335    6.926
    6.930   10.285   10.285   10.287   12.667   12.694   14.241   14.241   14.261   14.699
   14.699   14.713   16.005   16.057   16.057   17.329   19.058   20.446   20.514   20.514
   22.361   22.395   22.981   22.982   22.982   24.902   25.151   25.234   25.234   26.625
            0.033333  0.000000  0.000000
  -17.828   -7.909   -4.535   -4.533   -4.533    2.529    2.549    2.549    6.355    6.931
    6.947   10.281   10.281   10.291   12.602   12.704   14.255   14.255   14.331   14.624
   14.624   14.685   15.947   16.146   16.146   17.387   19.093   20.328   20.492   20.492
   22.346   22.476   22.939   22.939   22.964   24.886   24.983   25.212   25.212   26.630
            0.050000  0.000000  0.000000
  -17.828   -7.908   -4.537   -4.532   -4.532    2.504    2.547    2.547    6.387    6.939
    6.975   10.275   10.275   10.297   12.505   12.721   14.273   14.273   14.440   14.526
   14.526   14.639   15.861   16.276   16.276   17.482   19.150   20.167   20.475   20.475
   22.322   22.593   22.908   22.908   22.976   24.761   24.870   25.191   25.191   26.640
            0.066667  0.000000  0.000000
  -17.828   -7.908   -4.539   -4.531   -4.531    2.470    2.545    2.545    6.430    6.950
    7.013   10.267   10.267   10.305   12.386   12.746   14.259   14.259   14.455   14.455
   14.577   14.579   15.757   16.435   16.435   17.601   19.228   19.987   20.480   20.480
   22.291   22.740   22.884   22.884   22.999   24.505   24.849   25.183   25.183   26.653
            0.083333  0.000000  0.000000
  -17.827   -7.908   -4.543   -4.530   -4.530    2.428    2.543    2.543    6.485    6.964
    7.063   10.257   10.257   10.315   12.252   12.777   14.163   14.163   14.467   14.467
   14.505   14.732   15.640   16.613   16.613   17.740   19.324   19.763   20.492   20.492
   22.253   22.852   22.852   22.890   23.027   24.229   24.851   25.173   25.173   26.669
            0.100000  0.000000  0.000000
  -17.827   -7.908   -4.547   -4.528   -4.528    2.378    2.540    2.540    6.549    6.981
    7.122   10.246   10.246   10.328   12.109   12.815   14.025   14.025   14.418   14.526
   14.526   14.900   15.515   16.804   16.804   17.880   19.435   19.520   20.485   20.485
   22.207   22.803   22.803   23.042   23.055   23.942   24.768   25.161   25.161   26.689
            0.116667  0.000000  0.000000
  -17.826   -7.908   -4.552   -4.527   -4.527    2.323    2.536    2.536    6.621    7.002
    7.192   10.235   10.235   10.343   11.961   12.859   13.875   13.875   14.322   14.607
   14.607   15.077   15.387   17.005   17.005   18.037   19.267   19.561   20.492   20.492
   22.153   22.749   22.749   23.087   23.194   23.649   24.737   25.147   25.147   26.712
            0.133333  0.000000  0.000000
  -17.825   -7.908   -4.557   -4.525   -4.525    2.263    2.532    2.532    6.701    7.025
    7.271   10.223   10.223   10.360   11.810   12.909   13.722   13.722   14.218   14.702
   14.702   15.257   15.263   17.214   17.214   18.196   19.005   19.696   20.499   20.499
   22.095   22.688   22.688   23.130   23.309   23.384   24.690   25.132   25.132   26.737
            0.150000  0.000000  0.000000
  -17.825   -7.908   -4.563   -4.523   -4.523    2.200    2.528    2.528    6.788    7.051
    7.359   10.211   10.211   10.379   11.658   12.965   13.567   13.567   14.110   14.811
   14.811   15.128   15.455   17.428   17.428   18.363   18.738   19.838   20.512   20.512
   22.032   22.626   22.626   23.053   23.177   23.489   24.641   25.118   25.118   26.765
            0.166667  0.000000  0.000000
  -17.824   -7.908   -4.569   -4.521   -4.521    2.133    2.523    2.523    6.881    7.081
    7.455   10.200   10.200   10.400   11.506   13.025   13.414   13.414   14.000   14.931
   14.931   14.998   15.650   17.648   17.648   18.468   18.530   19.981   20.521   20.521
   21.964   22.543   22.543   22.766   23.228   23.621   24.584   25.099   25.099   26.641
            0.183333  0.000000  0.000000
  -17.823   -7.908   -4.576   -4.519   -4.519    2.066    2.518    2.518    6.978    7.113
    7.559   10.191   10.191   10.423   11.356   13.087   13.263   13.263   13.892   14.871
   15.060   15.060   15.849   17.871   17.871   18.206   18.698   20.122   20.533   20.533
   21.890   22.450   22.450   22.489   23.284   23.771   24.521   25.078   25.078   26.481
            0.200000  0.000000  0.000000
  -17.822   -7.908   -4.582   -4.516   -4.516    1.997    2.512    2.512    7.081    7.148
    7.668   10.182   10.182   10.447   11.207   13.115   13.115   13.146   13.790   14.744
   15.196   15.196   16.050   17.926   18.098   18.098   18.863   20.247   20.534   20.534
   21.811   22.231   22.332   22.332   23.345   23.870   24.411   25.056   25.056   26.319
            0.216667  0.000000  0.000000
  -17.821   -7.908   -4.589   -4.514   -4.514    1.928    2.507    2.507    7.185    7.188
    7.781   10.176   10.176   10.474   11.060   12.970   12.970   13.190   13.710   14.621
   15.347   15.347   16.257   17.661   18.328   18.328   19.035   20.342   20.566   20.566
   21.733   22.011   22.226   22.226   23.418   23.994   24.344   25.032   25.032   26.177
            0.233333  0.000000  0.000000
  -17.820   -7.908   -4.596   -4.511   -4.511    1.860    2.501    2.501    7.225    7.298
    7.899   10.172   10.172   10.501   10.916   12.829   12.829   13.200   13.670   14.502
   15.503   15.503   16.461   17.398   18.559   18.559   19.206   20.380   20.579   20.579
   21.644   21.853   22.096   22.096   23.488   24.100   24.268   25.006   25.006   26.034
            0.250000  0.000000  0.000000
  -17.819   -7.908   -4.602   -4.509   -4.509    1.794    2.495    2.495    7.268    7.412
    8.018   10.171   10.171   10.530   10.775   12.692   12.692   13.162   13.687   14.386
   15.666   15.666   16.666   17.145   18.792   18.792   19.377   20.335   20.595   20.595
   21.551   21.795   21.955   21.955   23.563   24.189   24.222   24.977   24.977   25.898
            0.266667  0.000000  0.000000
  -17.818   -7.909   -4.609   -4.506   -4.506    1.729    2.490    2.490    7.312    7.528
    8.139   10.172   10.172   10.559   10.638   12.560   12.560   13.084   13.748   14.275
   15.834   15.834   16.868   16.892   19.025   19.025   19.547   20.203   20.608   20.608
   21.445   21.791   21.791   21.811   23.637   24.105   24.308   24.943   24.943   25.766
            0.283333  0.000000  0.000000
  -17.817   -7.909   -4.615   -4.504   -4.504    1.667    2.484    2.484    7.359    7.647
    8.259   10.176   10.176   10.504   10.590   12.432   12.432   12.988   13.836   14.169
   16.013   16.013   16.654   17.074   19.258   19.258   19.731   20.005   20.641   20.641
   21.346   21.640   21.640   21.903   23.726   24.063   24.410   24.909   24.909   25.642
            0.300000  0.000000  0.000000
  -17.816   -7.909   -4.622   -4.501   -4.501    1.608    2.478    2.478    7.407    7.767
    8.377   10.183   10.183   10.375   10.621   12.309   12.309   12.885   13.937   14.067
   16.195   16.195   16.427   17.278   19.487   19.487   19.768   19.899   20.663   20.663
   21.239   21.470   21.470   22.034   23.816   23.969   24.498   24.864   24.864   25.521
            0.316667  0.000000  0.000000
  -17.816   -7.909   -4.627   -4.499   -4.499    1.552    2.473    2.473    7.457    7.887
    8.491   10.193   10.193   10.251   10.652   12.192   12.192   12.782   13.971   14.044
   16.220   16.384   16.384   17.484   19.510   19.710   19.710   20.076   20.694   20.694
   21.135   21.301   21.301   22.196   23.876   23.918   24.599   24.808   24.808   25.414
            0.333333  0.000000  0.000000
  -17.815   -7.909   -4.633   -4.497   -4.497    1.500    2.467    2.467    7.507    8.008
    8.601   10.132   10.205   10.205   10.682   12.081   12.081   12.681   13.881   14.149
   16.026   16.576   16.576   17.687   19.241   19.919   19.919   20.249   20.719   20.719
   21.026   21.141   21.141   22.351   23.777   24.023   24.662   24.737   24.737   25.309
            0.350000  0.000000  0.000000
  -17.814   -7.909   -4.638   -4.494   -4.494    1.452    2.462    2.462    7.559    8.127
    8.703   10.020   10.220   10.220   10.712   11.976   11.976   12.585   13.796   14.245
   15.873   16.775   16.775   17.898   18.967   20.101   20.101   20.419   20.722   20.722
   20.914   21.026   21.026   22.522   23.696   24.131   24.639   24.639   24.762   25.220
            0.366667  0.000000  0.000000
  -17.813   -7.910   -4.643   -4.492   -4.492    1.408    2.458    2.458    7.609    8.245
    8.797    9.913   10.237   10.237   10.741   11.878   11.878   12.497   13.718   14.320
   15.758   16.974   16.974   18.093   18.692   20.231   20.231   20.571   20.625   20.625
   20.766   21.039   21.039   22.681   23.591   24.225   24.506   24.506   24.842   25.146
            0.383333  0.000000  0.000000
  -17.812   -7.910   -4.647   -4.491   -4.491    1.369    2.453    2.453    7.659    8.359
    8.881    9.814   10.255   10.255   10.768   11.788   11.788   12.417   13.647   14.365
   15.699   17.173   17.173   18.289   18.419   20.263   20.263   20.506   20.506   20.644
   20.721   21.163   21.163   22.838   23.472   24.340   24.345   24.345   24.924   25.093
            0.400000  0.000000  0.000000
  -17.812   -7.910   -4.650   -4.489   -4.489    1.335    2.450    2.450    7.707    8.468
    8.952    9.724   10.274   10.274   10.793   11.706   11.706   12.346   13.584   14.370
   15.704   17.378   17.378   18.149   18.482   20.142   20.142   20.496   20.496   20.507
   20.860   21.346   21.346   22.979   23.372   24.158   24.158   24.447   25.003   25.052
            0.416667  0.000000  0.000000
  -17.811   -7.910   -4.654   -4.488   -4.488    1.305    2.446    2.446    7.751    8.570
    9.009    9.644   10.294   10.294   10.815   11.633   11.633   12.287   13.530   14.342
   15.769   17.584   17.584   17.884   18.671   19.957   19.957   20.366   20.519   20.519
   20.990   21.559   21.559   23.104   23.277   23.952   23.952   24.552   25.023   25.023
            0.433333  0.000000  0.000000
  -17.811   -7.910   -4.656   -4.486   -4.486    1.281    2.444    2.444    7.790    8.663
    9.051    9.575   10.312   10.312   10.834   11.571   11.571   12.239   13.485   14.294
   15.884   17.626   17.787   17.787   18.856   19.760   19.760   20.220   20.538   20.538
   21.105   21.790   21.790   23.189   23.211   23.731   23.731   24.651   25.001   25.001
            0.450000  0.000000  0.000000
  -17.811   -7.910   -4.658   -4.485   -4.485    1.262    2.441    2.441    7.823    8.744
    9.078    9.518   10.328   10.328   10.849   11.521   11.521   12.202   13.449   14.240
   16.034   17.375   17.979   17.979   19.034   19.557   19.557   20.059   20.546   20.546
   21.199   22.030   22.030   23.114   23.296   23.500   23.500   24.736   24.984   24.984
            0.466667  0.000000  0.000000
  -17.810   -7.911   -4.660   -4.485   -4.485    1.248    2.440    2.440    7.849    8.810
    9.091    9.477   10.341   10.341   10.861   11.484   11.484   12.176   13.423   14.195
   16.207   17.136   18.161   18.161   19.211   19.377   19.377   19.918   20.556   20.556
   21.274   22.275   22.275   23.054   23.262   23.262   23.364   24.811   24.974   24.974
            0.483333  0.000000  0.000000
  -17.810   -7.911   -4.661   -4.484   -4.484    1.240    2.439    2.439    7.864    8.855
    9.095    9.451   10.349   10.349   10.868   11.461   11.461   12.161   13.407   14.166
   16.387   16.918   18.313   18.313   19.234   19.234   19.372   19.772   20.573   20.573
   21.329   22.523   22.523   23.017   23.019   23.019   23.418   24.857   24.969   24.969
            0.500000  0.000000  0.000000
  -17.810   -7.911   -4.661   -4.484   -4.484    1.238    2.439    2.439    7.870    8.871
    9.095    9.442   10.352   10.352   10.870   11.454   11.454   12.156   13.402   14.155
   16.500   16.792   18.373   18.373   19.174   19.174   19.466   19.682   20.575   20.575
   21.345   22.753   22.753   22.790   22.790   23.004   23.431   24.874   24.967   24.967
            0.500000  0.016667  0.000000
  -17.810   -7.910   -4.661   -4.485   -4.484    1.239    2.436    2.439    7.871    8.867
    9.091    9.443   10.345   10.362   10.835   11.453   11.492   12.165   13.412   14.160
   16.496   16.784   18.369   18.374   19.166   19.176   19.462   19.700   20.575   20.577
   21.332   22.650   22.734   22.760   22.803   23.107   23.456   24.884   24.925   24.968
            0.500000  0.033333  0.000000
  -17.810   -7.909   -4.662   -4.488   -4.484    1.244    2.430    2.441    7.876    8.856
    9.079    9.448   10.323   10.390   10.749   11.453   11.590   12.193   13.440   14.173
   16.484   16.758   18.354   18.378   19.143   19.183   19.449   19.742   20.574   20.583
   21.294   22.477   22.679   22.682   22.841   23.282   23.516   24.807   24.913   24.973
            0.500000  0.050000  0.000000
  -17.810   -7.907   -4.665   -4.493   -4.484    1.252    2.420    2.443    7.883    8.835
    9.060    9.461   10.289   10.434   10.640   11.453   11.718   12.236   13.487   14.196
   16.464   16.717   18.333   18.388   19.114   19.195   19.429   19.816   20.577   20.620
   21.235   22.295   22.575   22.596   22.899   23.468   23.596   24.640   24.955   24.982
            0.500000  0.066667  0.000000
  -17.809   -7.905   -4.667   -4.500   -4.483    1.263    2.406    2.447    7.891    8.803
    9.037    9.486   10.242   10.491   10.522   11.455   11.863   12.294   13.550   14.226
   16.436   16.662   18.302   18.394   19.084   19.209   19.405   19.912   20.573   20.637
   21.160   22.110   22.449   22.489   22.972   23.656   23.665   24.444   24.993   25.000
            0.500000  0.083333  0.000000
  -17.809   -7.901   -4.671   -4.509   -4.482    1.276    2.389    2.451    7.898    8.760
    9.013    9.526   10.185   10.401   10.558   11.458   12.018   12.363   13.628   14.266
   16.402   16.593   18.255   18.406   19.055   19.228   19.373   20.012   20.570   20.668
   21.074   21.927   22.317   22.366   23.057   23.703   23.845   24.261   25.008   25.038
            0.500000  0.100000  0.000000
  -17.809   -7.897   -4.676   -4.519   -4.481    1.293    2.368    2.457    7.903    8.707
    8.991    9.581   10.120   10.281   10.632   11.462   12.180   12.442   13.719   14.312
   16.360   16.513   18.188   18.410   19.015   19.248   19.326   20.108   20.545   20.689
   20.972   21.744   22.172   22.231   23.144   23.636   24.033   24.141   25.024   25.057
            0.500000  0.116667  0.000000
  -17.808   -7.893   -4.681   -4.531   -4.480    1.312    2.345    2.463    7.902    8.647
    8.976    9.652   10.048   10.163   10.712   11.470   12.347   12.528   13.821   14.369
   16.313   16.424   18.108   18.426   18.986   19.270   19.292   20.215   20.535   20.763
   20.874   21.566   22.030   22.093   23.239   23.461   24.151   24.219   25.045   25.048
            0.500000  0.133333  0.000000
  -17.807   -7.888   -4.686   -4.545   -4.479    1.334    2.319    2.470    7.894    8.580
    8.972    9.739    9.971   10.048   10.795   11.481   12.520   12.618   13.934   14.433
   16.260   16.328   18.012   18.451   18.962   19.268   19.293   20.322   20.531   20.783
   20.828   21.394   21.893   21.952   23.228   23.338   24.212   24.402   25.022   25.071
            0.500000  0.150000  0.000000
  -17.807   -7.882   -4.693   -4.559   -4.478    1.357    2.292    2.478    7.876    8.510
    8.981    9.838    9.890    9.937   10.881   11.494   12.696   12.710   14.054   14.505
   16.203   16.225   17.899   18.474   18.938   19.253   19.311   20.427   20.512   20.693
   20.892   21.230   21.763   21.809   22.981   23.430   24.273   24.577   24.985   25.099
            0.500000  0.166667  0.000000
  -17.806   -7.876   -4.700   -4.575   -4.476    1.383    2.262    2.487    7.846    8.438
    9.007    9.807    9.830    9.950   10.968   11.510   12.802   12.875   14.182   14.585
   16.119   16.141   17.777   18.500   18.915   19.258   19.324   20.499   20.514   20.622
   20.990   21.084   21.641   21.671   22.741   23.532   24.351   24.742   24.942   25.132
            0.500000  0.183333  0.000000
  -17.805   -7.869   -4.707   -4.592   -4.475    1.410    2.231    2.496    7.806    8.365
    9.051    9.723    9.727   10.072   11.058   11.527   12.891   13.057   14.314   14.670
   16.008   16.070   17.643   18.519   18.883   19.261   19.325   20.431   20.558   20.575
   20.962   21.075   21.529   21.537   22.516   23.623   24.410   24.874   24.880   25.163
            0.500000  0.200000  0.000000
  -17.804   -7.862   -4.715   -4.609   -4.473    1.439    2.200    2.506    7.756    8.293
    9.111    9.628    9.639   10.204   11.148   11.547   12.976   13.242   14.451   14.761
   15.896   15.990   17.507   18.541   18.846   19.276   19.314   20.341   20.516   20.599
   20.873   21.151   21.419   21.433   22.322   23.712   24.468   24.813   24.947   25.199
            0.500000  0.216667  0.000000
  -17.804   -7.855   -4.723   -4.627   -4.472    1.469    2.168    2.516    7.699    8.221
    9.188    9.535    9.555   10.343   11.239   11.569   13.055   13.430   14.593   14.856
   15.783   15.901   17.381   18.569   18.800   19.287   19.311   20.223   20.501   20.582
   20.824   21.170   21.349   21.377   22.176   23.812   24.520   24.752   24.943   25.237
            0.500000  0.233333  0.000000
  -17.803   -7.848   -4.732   -4.644   -4.470    1.499    2.137    2.527    7.636    8.151
    9.279    9.446    9.473   10.490   11.332   11.593   13.125   13.619   14.736   14.954
   15.671   15.796   17.268   18.590   18.746   19.238   19.354   20.083   20.507   20.516
   20.790   21.078   21.263   21.445   22.090   23.887   24.555   24.675   24.877   25.275
            0.500000  0.250000  0.000000
  -17.802   -7.840   -4.741   -4.662   -4.469    1.530    2.105    2.537    7.569    8.084
    9.361    9.384    9.393   10.640   11.428   11.618   13.184   13.811   14.880   15.052
   15.562   15.673   17.173   18.605   18.670   19.164   19.378   19.934   20.425   20.535
   20.761   20.958   21.161   21.542   22.065   23.944   24.574   24.590   24.782   25.308
            0.500000  0.266667  0.000000
  -17.801   -7.832   -4.749   -4.680   -4.467    1.561    2.075    2.548    7.500    8.019
    9.282    9.316    9.500   10.793   11.527   11.644   13.231   14.006   15.027   15.143
   15.463   15.535   17.104   18.585   18.625   19.086   19.432   19.794   20.315   20.594
   20.766   20.839   21.054   21.652   22.105   24.027   24.511   24.592   24.688   25.347
            0.500000  0.283333  0.000000
  -17.800   -7.825   -4.758   -4.698   -4.465    1.592    2.045    2.559    7.432    7.957
    9.208    9.242    9.627   10.945   11.632   11.671   13.265   14.201   15.174   15.194
   15.380   15.405   17.057   18.475   18.621   18.991   19.471   19.646   20.195   20.669
   20.724   20.755   20.948   21.761   22.168   24.087   24.425   24.568   24.581   25.371
            0.500000  0.300000  0.000000
  -17.799   -7.817   -4.767   -4.715   -4.464    1.623    2.016    2.569    7.364    7.899
    9.139    9.172    9.764   11.093   11.699   11.745   13.283   14.397   15.152   15.213
   15.321   15.441   17.040   18.354   18.607   18.886   19.514   19.518   20.071   20.619
   20.756   20.762   20.859   21.868   22.257   24.136   24.330   24.454   24.557   25.380
            0.500000  0.316667  0.000000
  -17.798   -7.810   -4.775   -4.731   -4.462    1.652    1.989    2.580    7.298    7.845
    9.075    9.106    9.910   11.232   11.727   11.869   13.285   14.595   15.038   15.061
   15.466   15.522   17.041   18.216   18.562   18.767   19.408   19.555   19.940   20.525
   20.747   20.786   20.867   21.969   22.340   24.160   24.232   24.340   24.507   25.221
            0.500000  0.333333  0.000000
  -17.798   -7.803   -4.783   -4.746   -4.461    1.681    1.964    2.590    7.235    7.795
    9.017    9.044   10.065   11.359   11.755   12.007   13.268   14.795   14.862   14.961
   15.609   15.610   17.064   18.069   18.489   18.652   19.335   19.585   19.810   20.453
   20.730   20.748   20.985   22.076   22.427   24.135   24.196   24.232   24.449   25.014
            0.500000  0.350000  0.000000
  -17.797   -7.796   -4.791   -4.761   -4.459    1.707    1.941    2.599    7.176    7.749
    8.964    8.988   10.228   11.471   11.782   12.159   13.232   14.691   14.858   14.994
   15.688   15.753   17.098   17.922   18.383   18.534   19.284   19.593   19.678   20.408
   20.690   20.745   21.112   22.185   22.518   24.036   24.126   24.219   24.375   24.812
            0.500000  0.366667  0.000000
  -17.796   -7.790   -4.798   -4.774   -4.458    1.732    1.919    2.608    7.122    7.707
    8.917    8.936   10.397   11.569   11.808   12.324   13.172   14.531   14.756   15.194
   15.753   15.893   17.148   17.789   18.251   18.416   19.261   19.548   19.581   20.393
   20.667   20.746   21.248   22.293   22.610   23.933   24.028   24.230   24.297   24.621
            0.500000  0.383333  0.000000
  -17.796   -7.784   -4.804   -4.786   -4.457    1.755    1.900    2.616    7.072    7.670
    8.874    8.890   10.573   11.652   11.833   12.499   13.088   14.387   14.653   15.394
   15.798   16.030   17.204   17.676   18.096   18.294   19.246   19.418   19.546   20.406
   20.651   20.728   21.388   22.391   22.681   23.823   23.937   24.213   24.216   24.439
            0.500000  0.400000  0.000000
  -17.795   -7.779   -4.810   -4.797   -4.456    1.776    1.883    2.623    7.028    7.637
    8.838    8.850   10.756   11.723   11.856   12.682   12.977   14.265   14.552   15.594
   15.819   16.162   17.265   17.587   17.932   18.177   19.233   19.296   19.496   20.438
   20.648   20.724   21.532   22.490   22.762   23.709   23.853   24.128   24.174   24.279
            0.500000  0.416667  0.000000
  -17.795   -7.775   -4.815   -4.806   -4.455    1.794    1.869    2.629    6.990    7.610
    8.807    8.816   10.943   11.782   11.877   12.842   12.868   14.167   14.449   15.794
   15.816   16.287   17.327   17.529   17.758   18.064   19.181   19.231   19.439   20.494
   20.651   20.720   21.677   22.593   22.839   23.593   23.782   24.046   24.090   24.141
            0.500000  0.433333  0.000000
  -17.794   -7.771   -4.820   -4.814   -4.454    1.809    1.857    2.634    6.959    7.587
    8.782    8.787   11.135   11.830   11.894   12.686   13.052   14.091   14.344   15.792
   15.993   16.403   17.386   17.499   17.578   17.958   19.077   19.240   19.381   20.548
   20.657   20.721   21.819   22.692   22.906   23.476   23.723   23.970   23.973   24.025
            0.500000  0.450000  0.000000
  -17.794   -7.768   -4.823   -4.820   -4.454    1.820    1.848    2.639    6.934    7.569
    8.762    8.765   11.331   11.868   11.908   12.513   13.231   14.036   14.234   15.756
   16.189   16.507   17.396   17.436   17.492   17.862   18.987   19.254   19.328   20.605
   20.668   20.729   21.951   22.800   22.951   23.363   23.676   23.844   23.901   23.933
            0.500000  0.466667  0.000000
  -17.794   -7.766   -4.825   -4.824   -4.453    1.829    1.841    2.642    6.916    7.556
    8.748    8.749   11.528   11.895   11.919   12.328   13.398   13.997   14.123   15.719
   16.383   16.590   17.212   17.477   17.501   17.778   18.917   19.265   19.287   20.647
   20.686   20.734   22.063   22.881   22.992   23.256   23.642   23.727   23.849   23.860
            0.500000  0.483333  0.000000
  -17.793   -7.765   -4.827   -4.827   -4.453    1.834    1.837    2.643    6.905    7.549
    8.739    8.740   11.726   11.911   11.925   12.138   13.537   13.975   14.020   15.693
   16.562   16.647   17.038   17.502   17.508   17.726   18.872   19.260   19.270   20.674
   20.682   20.734   22.140   22.963   23.019   23.156   23.621   23.645   23.814   23.817
            0.500000  0.500000  0.000000
  -17.793   -7.765   -4.827   -4.827   -4.453    1.836    1.836    2.644    6.902    7.546
    8.736    8.736   11.887   11.916   11.916   11.989   13.600   13.968   13.968   15.683
   16.667   16.667   16.935   17.511   17.511   17.707   18.856   19.251   19.271   20.684
   20.684   20.734   22.168   23.029   23.029   23.087   23.615   23.615   23.802   23.802
            0.483333  0.483333  0.000000
  -17.793   -7.765   -4.827   -4.826   -4.453    1.834    1.837    2.643    6.909    7.551
    8.739    8.746   11.717   11.729   12.071   12.173   13.491   13.949   14.087   15.702
   16.470   16.661   17.091   17.480   17.519   17.748   18.883   19.268   19.272   20.648
   20.697   20.734   22.114   22.941   22.991   23.199   23.618   23.683   23.827   23.830
            0.466667  0.466667  0.000000
  -17.794   -7.768   -4.824   -4.820   -4.453    1.827    1.841    2.639    6.930    7.567
    8.748    8.773   11.507   11.524   12.214   12.383   13.303   13.897   14.304   15.756
   16.170   16.643   17.247   17.404   17.539   17.898   18.922   19.266   19.363   20.552
   20.728   20.730   21.978   22.861   22.915   23.350   23.628   23.865   23.902   23.906
            0.450000  0.450000  0.000000
  -17.794   -7.772   -4.821   -4.810   -4.454    1.817    1.848    2.633    6.965    7.592
    8.762    8.819   11.283   11.326   12.316   12.586   13.121   13.825   14.542   15.830
   15.858   16.613   17.312   17.318   17.583   18.146   18.917   19.239   19.550   20.397
   20.725   20.793   21.810   22.769   22.823   23.503   23.642   24.002   24.031   24.111
            0.433333  0.433333  0.000000
  -17.795   -7.778   -4.815   -4.797   -4.456    1.804    1.858    2.626    7.011    7.626
    8.782    8.882   11.058   11.129   12.354   12.772   12.977   13.749   14.786   15.546
   15.910   16.574   17.247   17.319   17.651   18.453   18.871   19.181   19.807   20.201
   20.728   20.858   21.636   22.601   22.767   23.642   23.654   24.106   24.207   24.396
            0.416667  0.416667  0.000000
  -17.796   -7.785   -4.808   -4.781   -4.457    1.790    1.870    2.616    7.066    7.670
    8.808    8.962   10.832   10.937   12.300   12.896   12.925   13.694   15.031   15.238
   15.983   16.524   17.210   17.300   17.750   18.789   18.803   19.118   19.980   20.102
   20.728   20.927   21.489   22.421   22.726   23.659   23.777   24.208   24.420   24.658
            0.400000  0.400000  0.000000
  -17.797   -7.793   -4.800   -4.763   -4.459    1.774    1.885    2.605    7.129    7.720
    8.839    9.059   10.605   10.754   12.168   12.863   13.015   13.700   14.935   15.274
   16.040   16.467   17.226   17.265   17.873   18.725   19.037   19.134   19.761   20.418
   20.730   20.996   21.382   22.253   22.716   23.647   23.907   24.306   24.654   24.708
            0.383333  0.383333  0.000000
  -17.798   -7.801   -4.791   -4.743   -4.461    1.759    1.903    2.594    7.197    7.774
    8.875    9.171   10.379   10.585   11.999   12.839   13.023   13.785   14.641   15.513
   16.080   16.403   17.225   17.304   18.017   18.644   18.934   19.489   19.550   20.745
   20.749   21.053   21.311   22.126   22.713   23.616   24.035   24.406   24.775   24.902
            0.366667  0.366667  0.000000
  -17.799   -7.811   -4.780   -4.721   -4.464    1.745    1.923    2.582    7.266    7.829
    8.917    9.297   10.153   10.435   11.817   12.804   12.975   13.926   14.354   15.746
   16.102   16.332   17.174   17.421   18.160   18.564   18.773   19.364   19.838   20.744
   21.001   21.076   21.281   22.069   22.713   23.549   24.158   24.477   24.855   25.144
            0.350000  0.350000  0.000000
  -17.800   -7.820   -4.769   -4.698   -4.467    1.735    1.946    2.570    7.336    7.878
    8.964    9.436    9.929   10.308   11.636   12.751   12.902   14.078   14.091   15.973
   16.109   16.257   17.118   17.574   18.261   18.495   18.592   19.254   20.174   20.755
   20.871   21.287   21.364   22.127   22.717   23.440   24.270   24.522   24.944   25.271
            0.333333  0.333333  0.000000
  -17.802   -7.830   -4.756   -4.676   -4.470    1.729    1.971    2.558    7.403    7.916
    9.016    9.587    9.706   10.208   11.463   12.683   12.823   13.813   14.259   16.106
   16.176   16.198   17.058   17.734   18.262   18.391   18.450   19.269   20.455   20.655
   20.813   21.323   21.607   22.292   22.726   23.288   24.359   24.524   25.033   25.075
            0.316667  0.316667  0.000000
  -17.803   -7.840   -4.743   -4.653   -4.473    1.727    1.998    2.547    7.465    7.935
    9.073    9.487    9.747   10.139   11.309   12.605   12.747   13.562   14.420   16.091
   16.100   16.420   16.998   17.856   18.174   18.182   18.474   19.415   20.416   20.590
   21.022   21.385   21.807   22.539   22.747   23.104   24.445   24.462   24.907   25.101
            0.300000  0.300000  0.000000
  -17.805   -7.849   -4.728   -4.632   -4.477    1.732    2.028    2.538    7.520    7.931
    9.135    9.270    9.915   10.098   11.182   12.521   12.676   13.327   14.564   16.002
   16.088   16.639   16.936   17.893   17.969   18.045   18.585   19.640   20.168   20.625
   21.321   21.477   21.976   22.775   22.822   22.889   24.327   24.503   24.771   25.118
            0.283333  0.283333  0.000000
  -17.807   -7.858   -4.714   -4.612   -4.481    1.744    2.059    2.529    7.565    7.902
    9.058    9.200   10.076   10.087   11.096   12.437   12.613   13.109   14.685   15.909
   16.070   16.849   16.872   17.757   17.865   17.921   18.739   19.908   19.961   20.632
   21.577   21.613   22.128   22.660   22.792   23.085   24.154   24.540   24.643   25.099
            0.266667  0.266667  0.000000
  -17.809   -7.866   -4.699   -4.593   -4.485    1.764    2.092    2.522    7.595    7.849
    8.851    9.270   10.061   10.258   11.066   12.356   12.560   12.915   14.778   15.810
   16.041   16.806   17.040   17.546   17.817   17.825   18.818   19.865   20.197   20.615
   21.663   21.798   22.265   22.508   22.808   23.236   24.041   24.508   24.547   25.073
            0.250000  0.250000  0.000000
  -17.811   -7.874   -4.683   -4.577   -4.489    1.790    2.127    2.517    7.607    7.777
    8.650    9.344   10.043   10.422   11.101   12.284   12.516   12.750   14.844   15.708
   15.990   16.745   17.182   17.346   17.790   17.790   18.760   19.957   20.506   20.617
   21.725   21.792   22.406   22.605   22.831   23.183   24.128   24.373   24.556   25.056
            0.233333  0.233333  0.000000
  -17.812   -7.881   -4.668   -4.563   -4.493    1.825    2.163    2.514    7.599    7.690
    8.455    9.420   10.022   10.569   11.195   12.224   12.482   12.624   14.883   15.599
   15.909   16.683   17.154   17.222   17.816   17.817   18.613   20.173   20.595   20.818
   21.463   21.895   22.465   22.848   22.867   23.005   24.226   24.360   24.539   25.045
            0.216667  0.216667  0.000000
  -17.814   -7.887   -4.652   -4.552   -4.497    1.868    2.201    2.512    7.565    7.596
    8.268    9.499   10.006   10.687   11.336   12.182   12.458   12.548   14.901   15.481
   15.798   16.620   16.975   17.148   17.856   17.899   18.500   20.432   20.547   21.137
   21.155   21.993   22.349   22.871   22.937   23.157   24.093   24.482   24.621   25.040
            0.200000  0.200000  0.000000
  -17.816   -7.892   -4.637   -4.542   -4.502    1.917    2.238    2.512    7.477    7.529
    8.089    9.580   10.001   10.763   11.501   12.170   12.444   12.535   14.901   15.359
   15.662   16.559   16.813   16.998   17.808   18.027   18.523   20.446   20.690   20.857
   21.455   22.092   22.105   22.895   23.008   23.436   23.962   24.376   24.881   25.041
            0.183333  0.183333  0.000000
  -17.818   -7.896   -4.623   -4.535   -4.506    1.973    2.276    2.513    7.365    7.463
    7.919    9.662   10.010   10.791   11.665   12.208   12.439   12.591   14.891   15.235
   15.511   16.507   16.670   16.792   17.683   18.209   18.674   20.252   20.686   20.899
   21.775   21.837   22.223   22.936   23.128   23.716   23.853   24.293   25.051   25.150
            0.166667  0.166667  0.000000
  -17.819   -7.900   -4.609   -4.531   -4.510    2.035    2.314    2.515    7.245    7.390
    7.760    9.745   10.033   10.776   11.793   12.322   12.444   12.712   14.872   15.103
   15.351   16.454   16.541   16.543   17.540   18.413   18.875   19.936   20.608   20.932
   21.714   22.075   22.322   22.986   23.239   23.764   23.961   24.156   25.063   25.414
            0.150000  0.150000  0.000000
  -17.821   -7.902   -4.596   -4.528   -4.514    2.101    2.351    2.519    7.119    7.313
    7.611    9.827   10.067   10.729   11.879   12.457   12.517   12.884   14.848   14.973
   15.190   16.266   16.402   16.434   17.399   18.643   19.082   19.587   20.570   20.743
   21.797   22.347   22.430   23.064   23.292   23.755   24.010   24.158   25.079   25.664
            0.133333  0.133333  0.000000
  -17.822   -7.904   -4.583   -4.526   -4.518    2.170    2.387    2.523    6.991    7.238
    7.475    9.907   10.106   10.663   11.949   12.477   12.763   13.093   14.820   14.845
   15.034   15.977   16.340   16.355   17.260   18.887   19.235   19.301   20.462   20.543
   21.958   22.529   22.558   23.191   23.267   23.857   23.864   24.329   25.097   25.923
            0.116667  0.116667  0.000000
  -17.824   -7.906   -4.572   -4.526   -4.521    2.240    2.421    2.527    6.864    7.168
    7.351    9.983   10.146   10.591   12.024   12.504   13.038   13.326   14.721   14.778
   14.897   15.682   16.261   16.311   17.116   18.888   19.136   19.517   20.170   20.524
   22.112   22.620   22.688   23.195   23.336   23.749   24.025   24.477   25.116   26.182
            0.100000  0.100000  0.000000
  -17.825   -7.907   -4.562   -4.527   -4.524    2.309    2.452    2.532    6.741    7.106
    7.242   10.055   10.184   10.519   12.114   12.536   13.326   13.575   14.604   14.691
   14.816   15.392   16.195   16.268   16.963   18.552   19.394   19.715   19.905   20.510
   22.242   22.702   22.756   23.113   23.329   23.843   24.228   24.598   25.136   26.434
            0.083333  0.083333  0.000000
  -17.826   -7.908   -4.554   -4.528   -4.527    2.373    2.480    2.537    6.627    7.052
    7.147   10.120   10.216   10.453   12.219   12.570   13.621   13.829   14.499   14.572
   14.781   15.114   16.141   16.225   16.796   18.227   19.628   19.646   19.941   20.494
   22.333   22.765   22.780   23.036   23.176   24.096   24.443   24.688   25.150   26.665
            0.066667  0.066667  0.000000
  -17.827   -7.908   -4.546   -4.529   -4.529    2.432    2.504    2.541    6.526    7.006
    7.068   10.176   10.242   10.395   12.337   12.606   13.914   14.081   14.408   14.461
   14.759   14.854   16.098   16.182   16.615   17.935   19.424   19.891   20.115   20.486
   22.382   22.755   22.829   22.987   23.036   24.384   24.658   24.783   25.167   26.812
            0.050000  0.050000  0.000000
  -17.828   -7.908   -4.541   -4.531   -4.531    2.481    2.524    2.545    6.443    6.971
    7.006   10.223   10.262   10.348   12.459   12.639   14.191   14.320   14.334   14.367
   14.624   14.742   16.066   16.135   16.424   17.683   19.259   20.113   20.259   20.503
   22.401   22.657   22.879   22.959   22.974   24.672   24.861   24.869   25.194   26.783
            0.033333  0.033333  0.000000
  -17.828   -7.908   -4.536   -4.532   -4.532    2.518    2.538    2.547    6.380    6.945
    6.961   10.257   10.276   10.314   12.573   12.666   14.279   14.295   14.376   14.496
   14.524   14.731   16.043   16.086   16.237   17.476   19.141   20.293   20.369   20.491
   22.389   22.516   22.913   22.946   22.957   24.873   24.931   25.035   25.205   26.712
            0.016667  0.016667  0.000000
  -17.828   -7.909   -4.534   -4.533   -4.533    2.542    2.547    2.549    6.342    6.930
    6.934   10.279   10.283   10.293   12.658   12.684   14.245   14.250   14.280   14.649
   14.669   14.725   16.030   16.043   16.087   17.348   19.070   20.433   20.445   20.489
   22.373   22.408   22.941   22.949   22.976   24.895   25.133   25.157   25.214   26.649
            0.000000  0.000000  0.000000
  -17.828   -7.909   -4.533   -4.533   -4.533    2.550    2.550    2.550    6.329    6.925
    6.925   10.286   10.286   10.286   12.690   12.690   14.237   14.237   14.237   14.727
   14.727   14.727   16.025   16.025   16.025   17.318   19.046   20.529   20.529   20.529
   22.366   22.366   23.033   23.033   23.033   24.918   25.247   25.247   25.247   26.623
            0.016667  0.016667  0.016667
  -17.828   -7.909   -4.534   -4.534   -4.532    2.539    2.546    2.546    6.348    6.935
    6.935   10.278   10.278   10.299   12.662   12.662   14.240   14.286   14.286   14.589
   14.697   14.697   16.062   16.062   16.075   17.372   19.081   20.423   20.423   20.470
   22.402   22.402   22.954   22.955   22.955   24.893   25.124   25.124   25.183   26.695
            0.033333  0.033333  0.033333
  -17.828   -7.908   -4.536   -4.536   -4.529    2.508    2.537    2.537    6.406    6.967
    6.967   10.252   10.252   10.337   12.589   12.589   14.255   14.269   14.416   14.416
   14.643   14.643   16.150   16.163   16.163   17.570   19.190   20.293   20.293   20.437
   22.487   22.487   22.944   22.953   22.953   24.886   24.928   24.928   25.099   26.876
            0.050000  0.050000  0.050000
  -17.827   -7.908   -4.539   -4.539   -4.525    2.460    2.521    2.521    6.497    7.020
    7.020   10.210   10.210   10.400   12.498   12.498   13.868   14.282   14.465   14.465
   14.709   14.709   16.179   16.313   16.313   17.849   19.376   20.120   20.120   20.356
   22.560   22.560   22.930   22.986   22.986   24.675   24.675   24.792   24.970   26.871
            0.066667  0.066667  0.066667
  -17.826   -7.908   -4.544   -4.544   -4.520    2.400    2.499    2.499    6.617    7.092
    7.092   10.151   10.151   10.482   12.409   12.409   13.443   14.318   14.366   14.366
   14.953   14.953   16.160   16.496   16.496   18.157   19.641   19.899   19.899   20.257
   22.540   22.540   22.896   23.089   23.089   24.406   24.406   24.692   24.804   26.563
            0.083333  0.083333  0.083333
  -17.825   -7.906   -4.550   -4.550   -4.515    2.334    2.473    2.473    6.761    7.183
    7.183   10.079   10.079   10.579   12.336   12.336   13.024   14.243   14.243   14.367
   15.246   15.246   16.113   16.704   16.704   18.457   19.670   19.670   19.948   20.216
   22.449   22.449   22.878   23.256   23.256   24.150   24.150   24.525   24.650   26.264
            0.100000  0.100000  0.100000
  -17.823   -7.905   -4.557   -4.557   -4.510    2.266    2.441    2.441    6.921    7.290
    7.290    9.996    9.996   10.674   12.284   12.284   12.639   14.115   14.115   14.425
   15.562   15.562   16.049   16.929   16.929   18.725   19.427   19.427   19.960   20.497
   22.302   22.302   22.846   23.377   23.377   23.961   23.961   24.273   24.482   25.988
            0.116667  0.116667  0.116667
  -17.821   -7.902   -4.565   -4.565   -4.507    2.200    2.405    2.405    7.092    7.413
    7.413    9.905    9.905   10.732   12.257   12.257   12.330   13.989   13.989   14.493
   15.890   15.890   15.977   17.165   17.165   18.969   19.191   19.191   19.826   20.962
   22.114   22.114   22.808   23.346   23.346   23.940   23.940   23.971   24.296   25.775
            0.133333  0.133333  0.133333
  -17.819   -7.898   -4.575   -4.575   -4.506    2.141    2.365    2.365    7.272    7.548
    7.548    9.812    9.812   10.697   12.159   12.253   12.253   13.866   13.866   14.573
   15.903   16.222   16.222   17.403   17.403   18.976   18.976   19.193   19.658   21.454
   21.895   21.895   22.784   23.190   23.190   23.631   24.065   24.065   24.066   25.625
            0.150000  0.150000  0.150000
  -17.817   -7.892   -4.584   -4.584   -4.508    2.091    2.322    2.322    7.455    7.694
    7.694    9.722    9.722   10.529   12.165   12.271   12.271   13.748   13.748   14.660
   15.828   16.550   16.550   17.629   17.629   18.806   18.806   19.387   19.488   21.663
   21.663   21.898   22.724   22.992   22.992   23.318   23.806   24.239   24.239   25.506
            0.166667  0.166667  0.166667
  -17.815   -7.885   -4.595   -4.595   -4.514    2.050    2.277    2.277    7.641    7.847
    7.847    9.640    9.640   10.265   12.310   12.310   12.315   13.636   13.636   14.759
   15.758   16.847   16.847   17.809   17.809   18.719   18.719   19.268   19.592   21.392
   21.392   22.094   22.664   22.776   22.776   23.238   23.523   24.387   24.387   25.437
            0.183333  0.183333  0.183333
  -17.813   -7.877   -4.606   -4.606   -4.523    2.020    2.229    2.229    7.828    8.004
    8.004    9.571    9.571    9.961   12.367   12.367   12.550   13.529   13.529   14.869
   15.694   17.087   17.087   17.916   17.916   18.782   18.782   19.069   19.752   21.140
   21.140   21.897   22.571   22.571   22.601   23.219   23.554   24.548   24.548   25.398
            0.200000  0.200000  0.200000
  -17.810   -7.867   -4.617   -4.617   -4.536    1.999    2.179    2.179    8.014    8.160
    8.160    9.520    9.520    9.653   12.442   12.442   12.834   13.428   13.428   14.989
   15.640   17.196   17.196   18.020   18.020   18.849   18.947   18.947   19.881   20.889
   20.889   21.515   22.331   22.331   22.519   22.925   24.016   24.640   24.640   25.390
            0.216667  0.216667  0.216667
  -17.807   -7.856   -4.628   -4.628   -4.551    1.987    2.127    2.127    8.200    8.308
    8.308    9.358    9.492    9.492   12.533   12.533   13.144   13.332   13.332   15.116
   15.601   17.164   17.164   18.199   18.199   18.623   19.172   19.172   19.955   20.696
   20.696   21.103   22.119   22.119   22.425   22.659   24.498   24.738   24.738   25.382
            0.233333  0.233333  0.233333
  -17.805   -7.843   -4.639   -4.639   -4.570    1.980    2.075    2.075    8.385    8.444
    8.444    9.089    9.493    9.493   12.640   12.640   13.242   13.242   13.464   15.255
   15.581   17.048   17.048   18.399   18.410   18.410   19.340   19.340   19.938   20.589
   20.589   20.724   21.879   21.879   22.325   22.442   24.789   24.789   24.947   25.395
            0.250000  0.250000  0.250000
  -17.802   -7.829   -4.650   -4.650   -4.591    1.977    2.022    2.022    8.560    8.560
    8.568    8.853    9.525    9.525   12.763   12.763   13.156   13.156   13.771   15.403
   15.590   16.907   16.907   18.163   18.592   18.592   19.445   19.445   19.783   20.402
   20.619   20.619   21.633   21.633   22.213   22.299   24.838   24.838   25.296   25.409
            0.266667  0.266667  0.266667
  -17.799   -7.814   -4.661   -4.661   -4.612    1.968    1.968    1.972    8.644    8.656
    8.656    8.762    9.590    9.590   12.896   12.896   13.078   13.078   14.043   15.560
   15.640   16.764   16.764   17.927   18.675   18.675   19.497   19.532   19.532   20.147
   20.752   20.752   21.413   21.413   22.086   22.241   24.881   24.881   25.369   25.614
            0.283333  0.283333  0.283333
  -17.797   -7.799   -4.672   -4.672   -4.634    1.915    1.915    1.965    8.490    8.734
    8.734    8.940    9.680    9.680   12.959   12.959   13.090   13.090   14.250   15.727
   15.744   16.634   16.634   17.685   18.638   18.638   19.154   19.681   19.681   19.910
   20.873   20.873   21.278   21.278   21.947   22.251   24.942   24.942   25.366   25.544
            0.300000  0.300000  0.300000
  -17.794   -7.784   -4.682   -4.682   -4.656    1.863    1.863    1.951    8.378    8.801
    8.801    9.122    9.785    9.785   12.890   12.890   13.253   13.253   14.374   15.892
   15.903   16.522   16.522   17.462   18.500   18.500   18.814   19.700   19.870   19.870
   20.758   20.758   21.363   21.363   21.790   22.313   24.940   24.940   25.248   25.248
            0.316667  0.316667  0.316667
  -17.792   -7.768   -4.691   -4.691   -4.675    1.812    1.812    1.929    8.312    8.864
    8.864    9.301    9.894    9.894   12.809   12.809   13.445   13.445   14.420   16.031
   16.087   16.432   16.432   17.274   18.327   18.327   18.486   19.519   20.024   20.024
   20.606   20.606   21.499   21.499   21.620   22.401   24.750   24.750   25.172   25.172
            0.333333  0.333333  0.333333
  -17.790   -7.754   -4.700   -4.700   -4.693    1.763    1.763    1.897    8.294    8.927
    8.927    9.477   10.000   10.000   12.725   12.725   13.659   13.659   14.401   16.084
   16.285   16.367   16.367   17.172   18.147   18.147   18.185   19.413   20.001   20.001
   20.622   20.622   21.444   21.574   21.574   22.516   24.502   24.502   25.225   25.225
            0.350000  0.350000  0.350000
  -17.787   -7.740   -4.708   -4.708   -4.708    1.716    1.716    1.856    8.323    8.995
    8.995    9.648   10.094   10.094   12.639   12.639   13.893   13.893   14.327   16.001
   16.325   16.325   16.482   17.159   17.897   17.966   17.966   19.415   19.810   19.810
   20.784   20.784   21.240   21.543   21.543   22.612   24.291   24.291   25.213   25.271
            0.366667  0.366667  0.366667
  -17.785   -7.727   -4.720   -4.715   -4.715    1.672    1.672    1.808    8.395    9.068
    9.068    9.809   10.173   10.173   12.554   12.554   14.144   14.144   14.203   15.843
   16.312   16.312   16.688   17.165   17.643   17.792   17.792   19.554   19.566   19.566
   20.952   20.952   21.027   21.460   21.460   22.717   24.132   24.132   25.135   25.311
            0.383333  0.383333  0.383333
  -17.784   -7.716   -4.729   -4.722   -4.722    1.633    1.633    1.754    8.507    9.148
    9.148    9.958   10.233   10.233   12.470   12.470   14.032   14.412   14.412   15.669
   16.323   16.323   16.899   17.138   17.410   17.627   17.627   19.309   19.309   19.820
   20.805   20.958   20.958   21.464   21.464   22.805   24.005   24.005   25.022   25.325
            0.400000  0.400000  0.400000
  -17.782   -7.706   -4.735   -4.727   -4.727    1.597    1.597    1.698    8.654    9.232
    9.232   10.088   10.273   10.273   12.391   12.391   13.825   14.693   14.693   15.508
   16.356   16.356   17.074   17.110   17.207   17.475   17.475   19.054   19.054   20.179
   20.575   20.748   20.748   21.628   21.628   22.870   23.889   23.889   24.878   25.329
            0.416667  0.416667  0.416667
  -17.781   -7.698   -4.739   -4.732   -4.732    1.566    1.566    1.643    8.829    9.319
    9.319   10.193   10.292   10.292   12.320   12.320   13.599   14.984   14.984   15.374
   16.410   16.410   16.980   17.051   17.326   17.337   17.337   18.811   18.811   20.346
   20.475   20.475   20.602   21.840   21.840   22.942   23.782   23.782   24.711   25.339
            0.433333  0.433333  0.433333
  -17.780   -7.691   -4.742   -4.736   -4.736    1.540    1.540    1.593    9.022    9.406
    9.406   10.265   10.292   10.292   12.258   12.258   13.375   15.261   15.279   15.279
   16.474   16.474   16.860   16.950   17.207   17.207   17.537   18.583   18.583   20.120
   20.194   20.194   21.057   22.054   22.054   22.994   23.665   23.665   24.472   25.345
            0.450000  0.450000  0.450000
  -17.779   -7.686   -4.743   -4.739   -4.739    1.519    1.519    1.551    9.222    9.488
    9.488   10.278   10.278   10.296   12.208   12.208   13.176   15.171   15.569   15.569
   16.539   16.539   16.765   16.874   17.079   17.079   17.735   18.382   18.382   19.908
   19.936   19.936   21.530   22.254   22.254   23.047   23.539   23.539   24.216   25.349
            0.466667  0.466667  0.466667
  -17.778   -7.682   -4.743   -4.741   -4.741    1.504    1.504    1.519    9.413    9.559
    9.559   10.255   10.255   10.286   12.172   12.172   13.020   15.101   15.839   15.839
   16.597   16.597   16.698   16.815   16.950   16.950   17.909   18.222   18.222   19.724
   19.728   19.728   21.992   22.434   22.434   23.084   23.414   23.414   23.895   25.354
            0.483333  0.483333  0.483333
  -17.778   -7.680   -4.743   -4.743   -4.743    1.495    1.495    1.499    9.565    9.609
    9.609   10.234   10.234   10.249   12.149   12.149   12.922   15.056   16.059   16.059
   16.633   16.633   16.648   16.776   16.825   16.825   18.008   18.108   18.108   19.591
   19.591   19.592   22.387   22.566   22.566   23.100   23.303   23.303   23.537   25.304
            0.500000  0.500000  0.500000
  -17.778   -7.680   -4.743   -4.743   -4.743    1.492    1.492    1.492    9.627    9.627
    9.627   10.225   10.225   10.225   12.142   12.142   12.889   15.036   16.157   16.157
   16.632   16.632   16.632   16.762   16.762   16.762   18.043   18.043   18.043   19.543
   19.543   19.543   22.589   22.589   22.589   23.153   23.255   23.255   23.255   25.270
            0.500000  0.483333  0.483333
  -17.778   -7.680   -4.744   -4.743   -4.742    1.494    1.494    1.497    9.588    9.608
    9.618   10.223   10.235   10.247   12.144   12.150   12.911   15.051   16.062   16.122
   16.631   16.636   16.654   16.737   16.807   16.837   18.032   18.080   18.105   19.570
   19.571   19.587   22.496   22.505   22.618   23.107   23.251   23.351   23.461   25.296
            0.500000  0.466667  0.466667
  -17.778   -7.681   -4.745   -4.742   -4.740    1.499    1.500    1.510    9.486    9.556
    9.591   10.215   10.260   10.296   12.149   12.172   12.978   15.081   15.852   16.037
   16.601   16.615   16.660   16.697   16.917   16.984   17.992   18.109   18.208   19.646
   19.653   19.707   22.251   22.272   22.623   23.088   23.232   23.533   23.727   25.340
            0.500000  0.450000  0.450000
  -17.778   -7.684   -4.747   -4.740   -4.737    1.508    1.511    1.533    9.350    9.479
    9.548   10.203   10.292   10.349   12.154   12.208   13.089   15.130   15.599   15.933
   16.550   16.564   16.578   16.742   17.062   17.130   17.933   18.154   18.344   19.766
   19.782   19.883   21.946   21.983   22.629   23.098   23.203   23.707   24.004   25.325
            0.500000  0.433333  0.433333
  -17.779   -7.687   -4.750   -4.737   -4.732    1.519    1.526    1.565    9.198    9.386
    9.491   10.186   10.325   10.393   12.158   12.252   13.240   15.189   15.327   15.826
   16.450   16.491   16.522   16.808   17.223   17.249   17.868   18.229   18.507   19.922
   19.950   20.093   21.617   21.683   22.630   23.090   23.163   23.844   24.274   25.297
            0.500000  0.416667  0.416667
  -17.780   -7.692   -4.753   -4.734   -4.726    1.533    1.544    1.604    9.040    9.282
    9.423   10.165   10.355   10.423   12.159   12.302   13.427   15.045   15.253   15.721
   16.331   16.438   16.455   16.892   17.334   17.391   17.820   18.338   18.687   20.105
   20.149   20.325   21.275   21.388   22.632   23.084   23.116   23.936   24.533   25.266
            0.500000  0.400000  0.400000
  -17.781   -7.697   -4.757   -4.730   -4.719    1.549    1.567    1.650    8.883    9.173
    9.345   10.140   10.379   10.440   12.158   12.353   13.643   14.759   15.314   15.619
   16.214   16.378   16.404   16.990   17.392   17.556   17.792   18.478   18.871   20.297
   20.369   20.562   20.927   21.114   22.628   23.063   23.071   23.978   24.759   25.230
            0.500000  0.383333  0.383333
  -17.782   -7.703   -4.761   -4.725   -4.711    1.565    1.593    1.702    8.732    9.062
    9.261   10.111   10.396   10.443   12.154   12.400   13.879   14.470   15.362   15.521
   16.106   16.306   16.410   17.104   17.430   17.710   17.785   18.639   19.054   20.442
   20.583   20.601   20.801   20.927   22.633   23.006   23.065   23.978   24.984   25.195
            0.500000  0.366667  0.366667
  -17.783   -7.710   -4.764   -4.718   -4.702    1.581    1.623    1.760    8.592    8.952
    9.172   10.080   10.407   10.436   12.150   12.439   14.128   14.183   15.386   15.428
   16.011   16.244   16.464   17.235   17.464   17.798   17.840   18.817   19.218   20.259
   20.397   20.843   20.978   21.032   22.645   22.949   23.067   23.948   25.158   25.197
            0.500000  0.350000  0.350000
  -17.784   -7.718   -4.767   -4.711   -4.692    1.596    1.657    1.821    8.465    8.846
    9.080   10.045   10.411   10.421   12.144   12.466   13.899   14.377   15.314   15.411
   15.938   16.198   16.563   17.376   17.494   17.826   17.928   19.004   19.308   20.003
   20.248   21.082   21.190   21.244   22.663   22.893   23.062   23.889   25.117   25.358
            0.500000  0.333333  0.333333
  -17.786   -7.727   -4.769   -4.703   -4.681    1.608    1.693    1.885    8.353    8.746
    8.987   10.008   10.399   10.409   12.137   12.479   13.618   14.611   15.210   15.413
   15.893   16.173   16.703   17.524   17.528   17.869   17.955   19.198   19.215   19.906
   20.133   21.303   21.430   21.439   22.687   22.841   23.057   23.815   25.071   25.432
            0.500000  0.316667  0.316667
  -17.787   -7.737   -4.769   -4.694   -4.669    1.618    1.733    1.949    8.260    8.655
    8.894    9.970   10.371   10.402   12.129   12.474   13.344   14.805   15.102   15.418
   15.904   16.173   16.870   17.560   17.688   17.904   17.923   18.965   19.394   19.976
   20.092   21.514   21.584   21.695   22.717   22.799   23.051   23.742   25.028   25.289
            0.500000  0.300000  0.300000
  -17.789   -7.748   -4.769   -4.684   -4.656    1.623    1.775    2.014    8.186    8.574
    8.802    9.930   10.340   10.391   12.121   12.453   13.076   14.930   14.993   15.428
   15.989   16.201   17.054   17.601   17.784   17.853   17.987   18.672   19.591   20.095
   20.129   21.701   21.707   21.943   22.748   22.771   23.046   23.675   24.980   25.025
            0.500000  0.283333  0.283333
  -17.790   -7.759   -4.768   -4.673   -4.643    1.623    1.820    2.077    8.132    8.505
    8.711    9.889   10.307   10.376   12.112   12.415   12.815   14.884   14.977   15.448
   16.145   16.257   17.217   17.640   17.650   18.011   18.063   18.408   19.784   20.196
   20.231   21.803   21.857   22.164   22.762   22.777   23.047   23.632   24.764   24.936
            0.500000  0.266667  0.266667
  -17.792   -7.771   -4.765   -4.661   -4.630    1.618    1.866    2.137    8.101    8.450
    8.624    9.849   10.273   10.359   12.101   12.362   12.564   14.778   14.964   15.477
   16.333   16.335   17.193   17.649   17.706   18.045   18.144   18.303   19.968   20.261
   20.375   21.851   21.979   22.331   22.776   22.793   23.044   23.613   24.551   24.891
            0.500000  0.250000  0.250000
  -17.794   -7.783   -4.761   -4.648   -4.617    1.607    1.914    2.192    8.091    8.409
    8.539    9.808   10.239   10.341   12.090   12.298   12.321   14.674   14.908   15.517
   16.432   16.498   16.975   17.766   17.837   17.921   18.228   18.431   20.137   20.273
   20.537   21.861   22.073   22.420   22.789   22.811   23.051   23.624   24.414   24.848
            0.500000  0.233333  0.233333
  -17.795   -7.795   -4.756   -4.634   -4.603    1.590    1.964    2.243    8.103    8.384
    8.458    9.768   10.207   10.321   12.077   12.089   12.225   14.574   14.822   15.567
   16.550   16.581   16.708   17.838   17.887   18.074   18.326   18.618   20.273   20.285
   20.704   21.867   22.165   22.419   22.775   22.861   23.083   23.669   24.369   24.814
            0.500000  0.216667  0.216667
  -17.797   -7.808   -4.749   -4.620   -4.590    1.569    2.013    2.288    8.137    8.374
    8.381    9.729   10.178   10.302   11.867   12.063   12.146   14.479   14.704   15.625
   16.426   16.563   16.682   17.912   17.991   18.320   18.440   18.814   20.265   20.399
   20.854   21.829   22.243   22.342   22.752   22.913   23.127   23.742   24.388   24.789
            0.500000  0.200000  0.200000
  -17.799   -7.820   -4.742   -4.605   -4.576    1.542    2.063    2.327    8.191    8.309
    8.380    9.691   10.153   10.285   11.657   12.048   12.065   14.387   14.552   15.682
   16.155   16.486   16.829   17.990   18.190   18.548   18.579   19.017   20.223   20.470
   20.962   21.799   22.242   22.341   22.717   22.963   23.196   23.826   24.460   24.786
            0.500000  0.183333  0.183333
  -17.800   -7.832   -4.733   -4.591   -4.564    1.512    2.112    2.359    8.241    8.262
    8.401    9.655   10.134   10.270   11.461   11.982   12.032   14.298   14.365   15.679
   15.949   16.401   16.980   18.074   18.419   18.655   18.825   19.209   20.176   20.496
   21.002   21.693   22.165   22.457   22.681   23.013   23.273   23.905   24.500   24.795
            0.500000  0.166667  0.166667
  -17.802   -7.844   -4.724   -4.576   -4.551    1.479    2.160    2.385    8.178    8.349
    8.435    9.621   10.123   10.259   11.278   11.902   12.015   14.146   14.216   15.495
   15.948   16.337   17.143   18.176   18.634   18.776   19.080   19.432   20.174   20.505
   20.966   21.609   22.156   22.588   22.654   23.095   23.400   23.972   24.566   24.850
            0.500000  0.150000  0.150000
  -17.803   -7.856   -4.715   -4.561   -4.540    1.444    2.206    2.405    8.121    8.449
    8.480    9.589   10.122   10.252   11.108   11.824   11.996   13.898   14.132   15.246
   16.028   16.297   17.305   18.270   18.777   18.874   19.309   19.611   20.217   20.452
   20.864   21.480   22.187   22.631   22.695   23.196   23.517   23.999   24.575   24.905
            0.500000  0.133333  0.133333
  -17.805   -7.866   -4.706   -4.547   -4.529    1.409    2.250    2.419    8.069    8.534
    8.556    9.560   10.135   10.250   10.955   11.751   11.977   13.634   14.049   15.003
   16.127   16.285   17.471   18.374   18.847   18.982   19.501   19.785   20.381   20.388
   20.753   21.359   22.245   22.621   22.764   23.361   23.651   23.997   24.557   25.009
            0.500000  0.116667  0.116667
  -17.806   -7.876   -4.697   -4.534   -4.519    1.374    2.291    2.429    8.023    8.593
    8.667    9.533   10.164   10.253   10.817   11.685   11.955   13.359   13.963   14.781
   16.235   16.294   17.636   18.485   18.836   19.088   19.631   19.961   20.311   20.627
   20.689   21.242   22.315   22.624   22.797   23.576   23.790   23.966   24.539   25.116
            0.500000  0.100000  0.100000
  -17.807   -7.885   -4.688   -4.522   -4.510    1.342    2.328    2.435    7.983    8.653
    8.773    9.510   10.215   10.263   10.696   11.626   11.930   13.084   13.869   14.590
   16.318   16.346   17.796   18.601   18.774   19.183   19.655   20.100   20.212   20.714
   20.926   21.108   22.376   22.636   22.808   23.814   23.894   23.907   24.517   25.227
            0.500000  0.083333  0.083333
  -17.808   -7.892   -4.680   -4.511   -4.502    1.312    2.360    2.438    7.949    8.712
    8.870    9.490   10.278   10.291   10.592   11.575   11.897   12.818   13.768   14.437
   16.354   16.456   17.951   18.691   18.724   19.269   19.588   20.122   20.244   20.829
   20.969   21.253   22.444   22.656   22.811   23.822   23.924   24.065   24.546   25.308
            0.500000  0.066667  0.066667
  -17.809   -7.899   -4.674   -4.502   -4.496    1.286    2.388    2.439    7.920    8.765
    8.952    9.473   10.296   10.395   10.506   11.532   11.849   12.574   13.661   14.322
   16.394   16.560   18.087   18.582   18.840   19.337   19.477   20.009   20.368   20.863
   20.979   21.590   22.513   22.681   22.806   23.708   23.856   24.320   24.644   25.187
            0.500000  0.050000  0.050000
  -17.809   -7.904   -4.668   -4.494   -4.491    1.266    2.410    2.440    7.898    8.810
    9.016    9.460   10.316   10.439   10.523   11.498   11.772   12.374   13.559   14.243
   16.435   16.653   18.200   18.492   18.952   19.360   19.390   19.891   20.437   20.754
   21.122   21.928   22.590   22.708   22.800   23.561   23.729   24.559   24.760   25.056
            0.500000  0.033333  0.033333
  -17.810   -7.908   -4.664   -4.489   -4.487    1.250    2.426    2.439    7.883    8.843
    9.060    9.450   10.335   10.391   10.668   11.474   11.654   12.242   13.476   14.193
   16.469   16.727   18.292   18.433   19.057   19.262   19.432   19.786   20.519   20.671
   21.242   22.255   22.681   22.731   22.795   23.380   23.593   24.767   24.868   24.957
            0.500000  0.016667  0.016667
  -17.810   -7.910   -4.662   -4.485   -4.485    1.241    2.435    2.439    7.873    8.864
    9.086    9.444   10.347   10.362   10.805   11.459   11.521   12.176   13.421   14.165
   16.492   16.775   18.352   18.388   19.141   19.197   19.458   19.716   20.560   20.594
   21.319   22.559   22.747   22.757   22.791   23.167   23.480   24.895   24.912   24.941
            0.500000  0.000000  0.000000
  -17.810   -7.911   -4.661   -4.484   -4.484    1.238    2.439    2.439    7.870    8.871
    9.095    9.442   10.352   10.352   10.870   11.454   11.454   12.156   13.402   14.155
   16.500   16.792   18.373   18.373   19.174   19.174   19.466   19.682   20.575   20.575
   21.345   22.753   22.753   22.790   22.790   23.004   23.431   24.874   24.967   24.967
            0.500000  0.016667  0.016667
  -17.810   -7.910   -4.662   -4.485   -4.485    1.241    2.435    2.439    7.873    8.864
    9.086    9.444   10.347   10.362   10.805   11.459   11.521   12.176   13.421   14.165
   16.492   16.775   18.352   18.388   19.141   19.197   19.458   19.716   20.560   20.594
   21.319   22.559   22.747   22.757   22.791   23.167   23.480   24.895   24.912   24.941
            0.500000  0.033333  0.033333
  -17.810   -7.908   -4.664   -4.489   -4.487    1.250    2.426    2.439    7.883    8.843
    9.060    9.450   10.335   10.391   10.668   11.474   11.654   12.242   13.476   14.193
   16.469   16.727   18.292   18.433   19.057   19.262   19.432   19.786   20.519   20.671
   21.242   22.255   22.681   22.731   22.795   23.380   23.593   24.767   24.868   24.957
            0.500000  0.050000  0.050000
  -17.809   -7.904   -4.668   -4.494   -4.491    1.266    2.410    2.440    7.898    8.810
    9.016    9.460   10.316   10.439   10.523   11.498   11.772   12.374   13.559   14.243
   16.435   16.653   18.200   18.492   18.952   19.360   19.390   19.891   20.437   20.754
   21.122   21.928   22.590   22.708   22.800   23.561   23.729   24.559   24.760   25.056
            0.500000  0.066667  0.066667
  -17.809   -7.899   -4.674   -4.502   -4.496    1.286    2.388    2.439    7.920    8.765
    8.952    9.473   10.296   10.395   10.506   11.532   11.849   12.574   13.661   14.322
   16.394   16.560   18.087   18.582   18.840   19.337   19.477   20.009   20.368   20.863
   20.979   21.590   22.513   22.681   22.806   23.708   23.856   24.320   24.644   25.187
            0.500000  0.083333  0.083333
  -17.808   -7.892   -4.680   -4.511   -4.502    1.312    2.360    2.438    7.949    8.712
    8.870    9.490   10.278   10.291   10.592   11.575   11.897   12.818   13.768   14.437
   16.354   16.456   17.951   18.691   18.724   19.269   19.588   20.122   20.244   20.829
   20.969   21.253   22.444   22.656   22.811   23.822   23.924   24.065   24.546   25.308
            0.500000  0.100000  0.100000
  -17.807   -7.885   -4.688   -4.522   -4.510    1.342    2.328    2.435    7.983    8.653
    8.773    9.510   10.215   10.263   10.696   11.626   11.930   13.084   13.869   14.590
   16.318   16.346   17.796   18.601   18.774   19.183   19.655   20.100   20.212   20.714
   20.926   21.108   22.376   22.636   22.808   23.814   23.894   23.907   24.517   25.227
            0.500000  0.116667  0.116667
  -17.806   -7.876   -4.697   -4.534   -4.519    1.374    2.291    2.429    8.023    8.593
    8.667    9.533   10.164   10.253   10.817   11.685   11.955   13.359   13.963   14.781
   16.235   16.294   17.636   18.485   18.836   19.088   19.631   19.961   20.311   20.627
   20.689   21.242   22.315   22.624   22.797   23.576   23.790   23.966   24.539   25.116
            0.500000  0.133333  0.133333
  -17.805   -7.866   -4.706   -4.547   -4.529    1.409    2.250    2.419    8.069    8.534
    8.556    9.560   10.135   10.250   10.955   11.751   11.977   13.634   14.049   15.003
   16.127   16.285   17.471   18.374   18.847   18.982   19.501   19.785   20.381   20.388
   20.753   21.359   22.245   22.621   22.764   23.361   23.651   23.997   24.557   25.009
            0.500000  0.150000  0.150000
  -17.803   -7.856   -4.715   -4.561   -4.540    1.444    2.206    2.405    8.121    8.449
    8.480    9.589   10.122   10.252   11.108   11.824   11.996   13.898   14.132   15.246
   16.028   16.297   17.305   18.270   18.777   18.874   19.309   19.611   20.217   20.452
   20.864   21.480   22.187   22.631   22.695   23.196   23.517   23.999   24.575   24.905
            0.500000  0.166667  0.166667
  -17.802   -7.844   -4.724   -4.576   -4.551    1.479    2.160    2.385    8.178    8.349
    8.435    9.621   10.123   10.259   11.278   11.902   12.015   14.146   14.216   15.495
   15.948   16.337   17.143   18.176   18.634   18.776   19.080   19.432   20.174   20.505
   20.966   21.609   22.156   22.588   22.654   23.095   23.400   23.972   24.566   24.850
            0.500000  0.183333  0.183333
  -17.800   -7.832   -4.733   -4.591   -4.564    1.512    2.112    2.359    8.241    8.262
    8.401    9.655   10.134   10.270   11.461   11.982   12.032   14.298   14.365   15.679
   15.949   16.401   16.980   18.074   18.419   18.655   18.825   19.209   20.176   20.496
   21.002   21.693   22.165   22.457   22.681   23.013   23.273   23.905   24.500   24.795
            0.500000  0.200000  0.200000
  -17.799   -7.820   -4.742   -4.605   -4.576    1.542    2.063    2.327    8.191    8.309
    8.380    9.691   10.153   10.285   11.657   12.048   12.065   14.387   14.552   15.682
   16.155   16.486   16.829   17.990   18.190   18.548   18.579   19.017   20.223   20.470
   20.962   21.799   22.242   22.341   22.717   22.963   23.196   23.826   24.460   24.786
            0.500000  0.216667  0.216667
  -17.797   -7.808   -4.749   -4.620   -4.590    1.569    2.013    2.288    8.137    8.374
    8.381    9.729   10.178   10.302   11.867   12.063   12.146   14.479   14.704   15.625
   16.426   16.563   16.682   17.912   17.991   18.320   18.440   18.814   20.265   20.399
   20.854   21.829   22.243   22.342   22.752   22.913   23.127   23.742   24.388   24.789
            0.500000  0.233333  0.233333
  -17.795   -7.795   -4.756   -4.634   -4.603    1.590    1.964    2.243    8.103    8.384
    8.458    9.768   10.207   10.321   12.077   12.089   12.225   14.574   14.822   15.567
   16.550   16.581   16.708   17.838   17.887   18.074   18.326   18.618   20.273   20.285
   20.704   21.867   22.165   22.419   22.775   22.861   23.083   23.669   24.369   24.814
            0.500000  0.250000  0.250000
  -17.794   -7.783   -4.761   -4.648   -4.617    1.607    1.914    2.192    8.091    8.409
    8.539    9.808   10.239   10.341   12.090   12.298   12.321   14.674   14.908   15.517
   16.432   16.498   16.975   17.766   17.837   17.921   18.228   18.431   20.137   20.273
   20.537   21.861   22.073   22.420   22.789   22.811   23.051   23.624   24.414   24.848
            0.500000  0.266667  0.266667
  -17.792   -7.771   -4.765   -4.661   -4.630    1.618    1.866    2.137    8.101    8.450
    8.624    9.849   10.273   10.359   12.101   12.362   12.564   14.778   14.964   15.477
   16.333   16.335   17.193   17.649   17.706   18.045   18.144   18.303   19.968   20.261
   20.375   21.851   21.979   22.331   22.776   22.793   23.044   23.613   24.551   24.891
            0.500000  0.283333  0.283333
  -17.790   -7.759   -4.768   -4.673   -4.643    1.623    1.820    2.077    8.132    8.505
    8.711    9.889   10.307   10.376   12.112   12.415   12.815   14.884   14.977   15.448
   16.145   16.257   17.217   17.640   17.650   18.011   18.063   18.408   19.784   20.196
   20.231   21.803   21.857   22.164   22.762   22.777   23.047   23.632   24.764   24.936
            0.500000  0.300000  0.300000
  -17.789   -7.748   -4.769   -4.684   -4.656    1.623    1.775    2.014    8.186    8.574
    8.802    9.930   10.340   10.391   12.121   12.453   13.076   14.930   14.993   15.428
   15.989   16.201   17.054   17.601   17.784   17.853   17.987   18.672   19.591   20.095
   20.129   21.701   21.707   21.943   22.748   22.771   23.046   23.675   24.980   25.025
            0.500000  0.316667  0.316667
  -17.787   -7.737   -4.769   -4.694   -4.669    1.618    1.733    1.949    8.260    8.655
    8.894    9.970   10.371   10.402   12.129   12.474   13.344   14.805   15.102   15.418
   15.904   16.173   16.870   17.560   17.688   17.904   17.923   18.965   19.394   19.976
   20.092   21.514   21.584   21.695   22.717   22.799   23.051   23.742   25.028   25.289
            0.500000  0.333333  0.333333
  -17.786   -7.727   -4.769   -4.703   -4.681    1.608    1.693    1.885    8.353    8.746
    8.987   10.008   10.399   10.409   12.137   12.479   13.618   14.611   15.210   15.413
   15.893   16.173   16.703   17.524   17.528   17.869   17.955   19.198   19.215   19.906
   20.133   21.303   21.430   21.439   22.687   22.841   23.057   23.815   25.071   25.432
            0.500000  0.350000  0.350000
  -17.784   -7.718   -4.767   -4.711   -4.692    1.596    1.657    1.821    8.465    8.846
    9.080   10.045   10.411   10.421   12.144   12.466   13.899   14.377   15.314   15.411
   15.938   16.198   16.563   17.376   17.494   17.826   17.928   19.004   19.308   20.003
   20.248   21.082   21.190   21.244   22.663   22.893   23.062   23.889   25.117   25.358
            0.500000  0.366667  0.366667
  -17.783   -7.710   -4.764   -4.718   -4.702    1.581    1.623    1.760    8.592    8.952
    9.172   10.080   10.407   10.436   12.150   12.439   14.128   14.183   15.386   15.428
   16.011   16.244   16.464   17.235   17.464   17.798   17.840   18.817   19.218   20.259
   20.397   20.843   20.978   21.032   22.645   22.949   23.067   23.948   25.158   25.197
            0.500000  0.383333  0.383333
  -17.782   -7.703   -4.761   -4.725   -4.711    1.565    1.593    1.702    8.732    9.062
    9.261   10.111   10.396   10.443   12.154   12.400   13.879   14.470   15.362   15.521
   16.106   16.306   16.410   17.104   17.430   17.710   17.785   18.639   19.054   20.442
   20.583   20.601   20.801   20.927   22.633   23.006   23.065   23.978   24.984   25.195
            0.500000  0.400000  0.400000
  -17.781   -7.697   -4.757   -4.730   -4.719    1.549    1.567    1.650    8.883    9.173
    9.345   10.140   10.379   10.440   12.158   12.353   13.643   14.759   15.314   15.619
   16.214   16.378   16.404   16.990   17.392   17.556   17.792   18.478   18.871   20.297
   20.369   20.562   20.927   21.114   22.628   23.063   23.071   23.978   24.759   25.230
            0.500000  0.416667  0.416667
  -17.780   -7.692   -4.753   -4.734   -4.726    1.533    1.544    1.604    9.040    9.282
    9.423   10.165   10.355   10.423   12.159   12.302   13.427   15.045   15.253   15.721
   16.331   16.438   16.455   16.892   17.334   17.391   17.820   18.338   18.687   20.105
   20.149   20.325   21.275   21.388   22.632   23.084   23.116   23.936   24.533   25.266
            0.500000  0.433333  0.433333
  -17.779   -7.687   -4.750   -4.737   -4.732    1.519    1.526    1.565    9.198    9.386
    9.491   10.186   10.325   10.393   12.158   12.252   13.240   15.189   15.327   15.826
   16.450   16.491   16.522   16.808   17.223   17.249   17.868   18.229   18.507   19.922
   19.950   20.093   21.617   21.683   22.630   23.090   23.163   23.844   24.274   25.297
            0.500000  0.450000  0.450000
  -17.778   -7.684   -4.747   -4.740   -4.737    1.508    1.511    1.533    9.350    9.479
    9.548   10.203   10.292   10.349   12.154   12.208   13.089   15.130   15.599   15.933
   16.550   16.564   16.578   16.742   17.062   17.130   17.933   18.154   18.344   19.766
   19.782   19.883   21.946   21.983   22.629   23.098   23.203   23.707   24.004   25.325
            0.500000  0.466667  0.466667
  -17.778   -7.681   -4.745   -4.742   -4.740    1.499    1.500    1.510    9.486    9.556
    9.591   10.215   10.260   10.296   12.149   12.172   12.978   15.081   15.852   16.037
   16.601   16.615   16.660   16.697   16.917   16.984   17.992   18.109   18.208   19.646
   19.653   19.707   22.251   22.272   22.623   23.088   23.232   23.533   23.727   25.338
            0.500000  0.483333  0.483333
  -17.778   -7.680   -4.744   -4.743   -4.742    1.494    1.494    1.497    9.588    9.608
    9.618   10.223   10.235   10.247   12.144   12.150   12.911   15.051   16.062   16.122
   16.631   16.636   16.654   16.737   16.807   16.837   18.032   18.080   18.105   19.570
   19.571   19.587   22.496   22.505   22.618   23.107   23.251   23.351   23.461   25.296
            0.500000  0.500000  0.500000
  -17.778   -7.680   -4.743   -4.743   -4.743    1.492    1.492    1.492    9.627    9.627
    9.627   10.225   10.225   10.225   12.142   12.142   12.889   15.036   16.157   16.157
   16.632   16.632   16.632   16.762   16.762   16.762   18.043   18.043   18.043   19.543
   19.543   19.543   22.589   22.589   22.589   23.153   23.255   23.255   23.255   25.270
            0.500000  0.500000  0.483333
  -17.778   -7.680   -4.743   -4.743   -4.742    1.493    1.493    1.494    9.611    9.618
    9.618   10.217   10.237   10.237   12.141   12.147   12.900   15.044   16.094   16.156
   16.632   16.632   16.646   16.749   16.749   16.835   18.053   18.064   18.064   19.548
   19.565   19.565   22.547   22.547   22.598   23.102   23.307   23.307   23.339   25.281
            0.500000  0.500000  0.466667
  -17.778   -7.681   -4.744   -4.744   -4.740    1.496    1.496    1.502    9.566    9.591
    9.591   10.193   10.269   10.269   12.140   12.161   12.934   15.064   15.954   16.151
   16.621   16.621   16.681   16.713   16.713   17.002   18.089   18.089   18.095   19.564
   19.629   19.629   22.432   22.432   22.598   23.014   23.433   23.433   23.489   25.342
            0.500000  0.500000  0.450000
  -17.778   -7.682   -4.745   -4.745   -4.736    1.500    1.500    1.514    9.494    9.553
    9.553   10.154   10.318   10.318   12.138   12.179   12.993   15.088   15.794   16.142
   16.578   16.578   16.663   16.663   16.717   17.208   18.107   18.108   18.108   19.588
   19.728   19.728   22.265   22.265   22.555   22.898   23.576   23.576   23.597   25.310
            0.500000  0.500000  0.433333
  -17.778   -7.683   -4.747   -4.747   -4.731    1.506    1.506    1.531    9.400    9.507
    9.507   10.100   10.379   10.379   12.135   12.196   13.077   15.118   15.634   16.131
   16.502   16.502   16.616   16.616   16.767   17.433   18.125   18.139   18.139   19.621
   19.855   19.855   22.082   22.082   22.497   22.782   23.702   23.724   23.724   25.266
            0.500000  0.500000  0.416667
  -17.779   -7.685   -4.749   -4.749   -4.725    1.514    1.514    1.553    9.289    9.456
    9.456   10.032   10.448   10.448   12.131   12.208   13.184   15.145   15.490   16.117
   16.396   16.396   16.576   16.576   16.830   17.670   18.148   18.181   18.181   19.664
   20.004   20.004   21.893   21.893   22.424   22.665   23.805   23.867   23.867   25.211
            0.500000  0.500000  0.400000
  -17.779   -7.688   -4.751   -4.751   -4.717    1.524    1.524    1.580    9.165    9.404
    9.404    9.952   10.523   10.523   12.127   12.214   13.314   15.142   15.392   16.100
   16.271   16.271   16.537   16.537   16.907   17.915   18.176   18.234   18.234   19.715
   20.168   20.168   21.701   21.701   22.337   22.549   23.906   24.000   24.000   25.145
            0.500000  0.500000  0.383333
  -17.780   -7.691   -4.754   -4.754   -4.708    1.535    1.535    1.611    9.032    9.351
    9.351    9.859   10.602   10.602   12.121   12.214   13.461   15.066   15.384   16.081
   16.134   16.134   16.499   16.499   16.998   18.165   18.208   18.297   18.297   19.775
   20.342   20.342   21.509   21.509   22.238   22.435   24.005   24.119   24.119   25.071
            0.500000  0.500000  0.366667
  -17.780   -7.694   -4.757   -4.757   -4.697    1.548    1.548    1.646    8.893    9.299
    9.299    9.757   10.684   10.684   12.115   12.207   13.622   14.948   15.433   15.985
   15.985   16.061   16.461   16.461   17.098   18.242   18.364   18.364   18.417   19.842
   20.515   20.515   21.319   21.319   22.122   22.319   24.099   24.222   24.222   24.983
            0.500000  0.500000  0.350000
  -17.781   -7.697   -4.761   -4.761   -4.686    1.561    1.561    1.685    8.751    9.248
    9.248    9.645   10.767   10.767   12.109   12.197   13.793   14.824   15.505   15.838
   15.838   16.038   16.430   16.430   17.215   18.284   18.445   18.445   18.669   19.917
   20.690   20.690   21.145   21.145   22.002   22.214   24.194   24.318   24.318   24.893
            0.500000  0.500000  0.333333
  -17.781   -7.701   -4.765   -4.765   -4.673    1.576    1.576    1.728    8.608    9.199
    9.199    9.526   10.852   10.852   12.102   12.182   13.972   14.702   15.590   15.689
   15.689   16.015   16.397   16.397   17.345   18.329   18.523   18.523   18.917   20.000
   20.813   20.813   21.024   21.024   21.875   22.121   24.297   24.392   24.392   24.795
            0.500000  0.500000  0.316667
  -17.782   -7.705   -4.769   -4.769   -4.660    1.592    1.592    1.775    8.465    9.152
    9.152    9.401   10.937   10.937   12.095   12.165   14.156   14.587   15.539   15.539
   15.679   15.991   16.367   16.367   17.485   18.378   18.599   18.599   19.155   20.089
   20.722   20.722   21.118   21.118   21.739   22.030   24.365   24.445   24.445   24.692
            0.500000  0.500000  0.300000
  -17.783   -7.709   -4.773   -4.773   -4.646    1.609    1.609    1.825    8.324    9.107
    9.107    9.271   11.021   11.021   12.087   12.146   14.344   14.478   15.393   15.393
   15.780   15.966   16.341   16.341   17.640   18.438   18.673   18.673   19.381   20.185
   20.568   20.568   21.289   21.289   21.597   21.968   24.476   24.489   24.489   24.595
            0.500000  0.500000  0.283333
  -17.784   -7.714   -4.777   -4.777   -4.632    1.626    1.626    1.878    8.187    9.065
    9.065    9.138   11.105   11.105   12.079   12.126   14.377   14.533   15.248   15.248
   15.880   15.941   16.318   16.318   17.800   18.493   18.735   18.735   19.578   20.287
   20.416   20.416   21.447   21.459   21.459   21.921   24.483   24.508   24.508   24.515
            0.500000  0.500000  0.266667
  -17.785   -7.718   -4.782   -4.782   -4.617    1.644    1.644    1.934    8.053    9.002
    9.025    9.025   11.187   11.187   12.071   12.104   14.283   14.722   15.109   15.109
   15.916   15.989   16.300   16.300   17.963   18.551   18.786   18.786   19.743   20.281
   20.281   20.395   21.285   21.624   21.624   21.917   24.369   24.523   24.523   24.593
            0.500000  0.500000  0.250000
  -17.785   -7.723   -4.786   -4.786   -4.602    1.662    1.662    1.991    7.924    8.866
    8.988    8.988   11.268   11.268   12.063   12.083   14.195   14.911   14.975   14.975
   15.891   16.102   16.288   16.288   18.146   18.612   18.816   18.816   19.863   20.171
   20.171   20.507   21.130   21.782   21.782   21.962   24.254   24.524   24.524   24.670
            0.500000  0.500000  0.233333
  -17.786   -7.727   -4.790   -4.790   -4.587    1.680    1.680    2.050    7.801    8.730
    8.954    8.954   11.346   11.346   12.055   12.061   14.115   14.848   14.848   15.098
   15.867   16.219   16.281   16.281   18.339   18.674   18.816   18.816   19.931   20.095
   20.095   20.625   20.972   21.931   21.931   22.060   24.138   24.512   24.512   24.745
            0.500000  0.500000  0.216667
  -17.787   -7.731   -4.795   -4.795   -4.572    1.698    1.698    2.110    7.684    8.596
    8.922    8.922   11.420   11.420   12.040   12.047   14.041   14.730   14.730   15.283
   15.844   16.277   16.277   16.340   18.547   18.723   18.778   18.778   19.948   20.060
   20.060   20.745   20.817   22.078   22.078   22.212   24.013   24.481   24.481   24.810
            0.500000  0.500000  0.200000
  -17.788   -7.736   -4.799   -4.799   -4.557    1.715    1.715    2.171    7.574    8.465
    8.893    8.893   11.491   11.491   12.020   12.040   13.973   14.617   14.617   15.465
   15.822   16.284   16.284   16.467   18.713   18.713   18.762   18.794   19.927   20.060
   20.060   20.657   20.871   22.207   22.207   22.405   23.904   24.449   24.449   24.921
            0.500000  0.500000  0.183333
  -17.789   -7.740   -4.803   -4.803   -4.542    1.732    1.732    2.231    7.471    8.337
    8.867    8.867   11.558   11.558   12.000   12.032   13.912   14.513   14.513   15.644
   15.801   16.295   16.295   16.594   18.618   18.618   18.848   18.975   19.870   20.092
   20.092   20.495   20.999   22.333   22.333   22.629   23.789   24.398   24.398   24.999
            0.500000  0.500000  0.166667
  -17.789   -7.744   -4.807   -4.807   -4.528    1.748    1.748    2.290    7.375    8.216
    8.843    8.843   11.620   11.620   11.982   12.025   13.856   14.417   14.417   15.782
   15.818   16.313   16.313   16.721   18.505   18.505   18.910   19.191   19.787   20.144
   20.144   20.335   21.131   22.441   22.441   22.874   23.684   24.335   24.335   25.069
            0.500000  0.500000  0.150000
  -17.790   -7.747   -4.810   -4.810   -4.515    1.763    1.763    2.348    7.287    8.100
    8.822    8.822   11.676   11.676   11.965   12.019   13.807   14.331   14.331   15.764
   15.986   16.337   16.337   16.850   18.380   18.380   18.971   19.408   19.689   20.177
   20.210   20.210   21.264   22.540   22.540   23.132   23.584   24.261   24.261   24.946
            0.500000  0.500000  0.133333
  -17.791   -7.751   -4.814   -4.814   -4.503    1.778    1.778    2.403    7.208    7.993
    8.804    8.804   11.727   11.727   11.949   12.013   13.763   14.252   14.252   15.747
   16.145   16.367   16.367   16.971   18.247   18.247   18.996   19.574   19.582   20.016
   20.278   20.278   21.395   22.615   22.615   23.385   23.480   24.175   24.175   24.737
            0.500000  0.500000  0.116667
  -17.791   -7.754   -4.817   -4.817   -4.492    1.791    1.791    2.454    7.137    7.895
    8.787    8.787   11.772   11.772   11.935   12.007   13.724   14.184   14.184   15.733
   16.300   16.403   16.403   17.099   18.117   18.117   19.049   19.459   19.790   19.870
   20.353   20.353   21.529   22.697   22.697   23.395   23.639   24.087   24.087   24.575
            0.500000  0.500000  0.100000
  -17.792   -7.757   -4.820   -4.820   -4.482    1.802    1.802    2.501    7.076    7.806
    8.774    8.774   11.811   11.811   11.923   12.002   13.691   14.127   14.127   15.720
   16.446   16.446   16.447   17.227   17.990   17.990   19.100   19.343   19.732   20.027
   20.435   20.435   21.660   22.786   22.786   23.318   23.886   23.999   23.999   24.421
            0.500000  0.500000  0.083333
  -17.792   -7.759   -4.822   -4.822   -4.473    1.812    1.812    2.542    7.023    7.730
    8.762    8.762   11.843   11.843   11.912   11.998   13.663   14.077   14.077   15.708
   16.491   16.491   16.580   17.344   17.867   17.867   19.143   19.225   19.602   20.214
   20.499   20.499   21.786   22.830   22.830   23.251   23.906   23.906   24.099   24.260
            0.500000  0.500000  0.066667
  -17.793   -7.761   -4.824   -4.824   -4.466    1.821    1.821    2.578    6.980    7.665
    8.753    8.753   11.870   11.870   11.903   11.995   13.641   14.038   14.038   15.699
   16.539   16.539   16.698   17.458   17.756   17.756   19.114   19.181   19.486   20.387
   20.560   20.560   21.904   22.892   22.892   23.194   23.819   23.819   24.114   24.119
            0.500000  0.500000  0.050000
  -17.793   -7.763   -4.825   -4.825   -4.460    1.827    1.827    2.606    6.946    7.614
    8.746    8.746   11.891   11.891   11.896   11.992   13.623   14.008   14.008   15.692
   16.586   16.586   16.798   17.563   17.660   17.660   19.014   19.238   19.389   20.543
   20.617   20.617   22.010   22.953   22.953   23.149   23.740   23.740   23.989   23.992
            0.500000  0.500000  0.033333
  -17.793   -7.764   -4.827   -4.827   -4.456    1.832    1.832    2.627    6.921    7.576
    8.740    8.740   11.891   11.905   11.905   11.990   13.610   13.986   13.986   15.687
   16.627   16.627   16.874   17.580   17.580   17.632   18.930   19.253   19.315   20.654
   20.654   20.658   22.093   22.993   22.993   23.115   23.675   23.675   23.889   23.890
            0.500000  0.500000  0.016667
  -17.793   -7.764   -4.827   -4.827   -4.454    1.835    1.835    2.640    6.907    7.554
    8.737    8.737   11.888   11.913   11.913   11.989   13.603   13.972   13.972   15.684
   16.656   16.656   16.919   17.529   17.529   17.687   18.876   19.267   19.267   20.676
   20.676   20.710   22.149   23.017   23.017   23.094   23.630   23.630   23.824   23.825
            0.500000  0.500000  0.000000
  -17.793   -7.765   -4.827   -4.827   -4.453    1.836    1.836    2.644    6.902    7.546
    8.736    8.736   11.887   11.916   11.916   11.989   13.600   13.968   13.968   15.683
   16.667   16.667   16.935   17.511   17.511   17.707   18.856   19.251   19.271   20.684
   20.684   20.734   22.168   23.029   23.029   23.087   23.615   23.615   23.802   23.802
